FCFS
AVGLateness = -125.985644
Throughput = 58.996087
AVGSlowdown = 30.055304
0.000000,0.000000,0.000000,0.000000,0.000000,0.000000,
0.000000,0.000000,0.000000,0.000000,0.000000,0.000000,
0.000000,0.000000,0.000000,0.000000,-2039.989559,196.005220,
121.007831,189.007831,53.010441,-365.986949,-927.984339,-649.981728,
-2015.989559,258.013051,117.010441,246.013051,-1805.984339,380.018272,
-1799.981728,-1608.979118,-796.994780,573.007831,-1528.989559,81.007831,
1443.010441,-589.986949,1464.015661,1168.013051,-924.984339,1166.018272,
-892.984339,1294.018272,1215.020882,-540.976508,1211.026102,1283.028713,
--------------------------------
 
SPT
AVGLateness = -438.083554
Throughput = 49.328889
AVGSlowdown = 8.978213
0.000000,0.000000,0.000000,0.000000,0.000000,0.000000,
0.000000,0.000000,0.000000,0.000000,0.000000,0.000000,
0.000000,0.000000,0.000000,0.000000,-35.997390,-34.997390,
-34.997390,432.005220,452.007831,-50.989559,260.013051,281.015661,
331.018272,369.020882,377.023492,-34.997390,288.005220,-106.992169,
-102.989567,323.013051,254.005220,-175.992169,-737.989559,-1563.994780,
-1742.992169,-2047.989559,-1959.984339,-1612.992169,-230.994780,-1604.992169,
-820.989559,-768.989559,-1548.986949,-744.986949,-724.984339,-696.981728,
--------------------------------
 
LPT
AVGLateness = 550.394414
Throughput = 59.854250
AVGSlowdown = 60.625285
0.000000,0.000000,0.000000,0.000000,0.000000,0.000000,
0.000000,0.000000,0.000000,0.000000,0.000000,0.000000,
0.000000,0.000000,0.000000,0.000000,-2226.997390,-2182.994780,
-2009.989559,-1692.994780,-796.992169,39.013051,-744.984339,629.018272,
-631.979118,-950.976508,-977.973898,-668.971287,-481.968677,351.033933,
1232.007831,1662.010441,1756.013051,1330.015661,1326.018272,1721.020882,
1425.033933,1856.036543,1865.031323,1819.033933,1776.028713,1764.020882,
1464.023492,2017.015661,2006.013051,1542.015661,1539.018272,1860.020882,
--------------------------------
 
EDD
AVGLateness = -546.519504
Throughput = 53.136062
AVGSlowdown = 4.740879
0.000000,0.000000,0.000000,0.000000,0.000000,0.000000,
0.000000,0.000000,0.000000,0.000000,0.000000,0.000000,
0.000000,0.000000,0.000000,0.000000,196.005220,189.007831,
128.010441,120.013051,82.015661,43.018272,32.020882,17.010441,
18.013051,64.013051,75.015661,-34.997390,-34.997390,-55.997390,
-34.997390,-102.994780,-106.992178,-200.989559,-484.986949,-762.984339,
-1595.981728,-1050.979118,-1049.994780,-1750.994780,-1701.992169,-1837.994780,
-1810.992169,-1604.989559,-1259.989559,-1044.976508,-975.973898,-947.971287,
--------------------------------
 
WFP3
AVGLateness = -405.049367
Throughput = 56.711131
AVGSlowdown = 6.326274
0.000000,0.000000,0.000000,0.000000,0.000000,0.000000,
0.000000,0.000000,0.000000,0.000000,0.000000,0.000000,
0.000000,0.000000,0.000000,0.000000,-35.997390,182.005220,
202.007831,10.010441,31.013051,127.015661,81.018272,119.020882,
18.010441,-34.997390,-34.997390,-55.997390,291.005220,-232.992169,
254.005220,-1570.992169,-737.989559,-1757.986949,-459.984339,-1720.981728,
-77.979118,-1721.989559,-1643.994780,230.013051,-1506.989559,-1477.984339,
-678.981728,199.020882,-817.976508,-790.973898,-584.971287,1239.031323,
--------------------------------
 
UNICEF
AVGLateness = -490.207330
Throughput = 58.181563
AVGSlowdown = 6.097079
0.000000,0.000000,0.000000,0.000000,0.000000,0.000000,
0.000000,0.000000,0.000000,0.000000,0.000000,0.000000,
0.000000,0.000000,0.000000,0.000000,182.005220,202.007831,
42.010441,81.013051,31.015661,119.018272,17.010441,134.013051,
64.013051,75.015661,134.018272,-34.997390,-34.997390,-55.997390,
-1627.994780,-232.992169,-1082.989559,-784.994780,-1049.994780,-459.992169,
-1757.989559,-1520.989559,122.013051,118.015661,-1652.981728,-1595.994780,
-1515.989559,-1027.986949,-1221.984339,-1194.981728,-988.979118,835.023492,
--------------------------------
 
c1
AVGLateness = -588.454067
Throughput = 58.142154
AVGSlowdown = 7.825548
0.000000,0.000000,0.000000,0.000000,0.000000,0.000000,
0.000000,0.000000,0.000000,0.000000,0.000000,0.000000,
0.000000,0.000000,0.000000,0.000000,196.005220,121.007831,
189.007831,53.010441,126.013051,-1865.984339,88.018272,64.013051,
-338.989559,150.013051,-622.984339,-874.989559,207.013051,230.015661,
251.018272,-1096.981728,-1049.994780,-1757.992169,-1669.981728,77.020882,
74.023492,95.013051,16.015661,12.018272,84.020882,-1962.984339,
-1935.981728,-1707.976508,-1677.986949,-1595.994780,-1678.981728,-1025.973898,
--------------------------------
 
c2
AVGLateness = -472.487357
Throughput = 56.267982
AVGSlowdown = 8.203125
0.000000,0.000000,0.000000,0.000000,0.000000,0.000000,
0.000000,0.000000,0.000000,0.000000,0.000000,0.000000,
0.000000,0.000000,0.000000,0.000000,182.005220,202.007831,
42.010441,81.013051,-34.997390,-31.994780,363.007831,275.010441,
290.013051,254.005220,-9.992169,-81.989559,-77.986949,429.015661,
313.018272,-1002.984339,-917.992169,109.010441,420.013051,-351.984339,
-1725.981728,-629.979118,-1452.986949,-1639.984339,-1947.984339,-1920.981728,
-1491.994780,-1623.992169,-1404.976508,289.018272,-1092.979118,-926.981728,
--------------------------------
 
