FCFS
AVGLateness = -95.480831
Throughput = 66.743042
AVGSlowdown = 31.080041
0.000000,0.000000,0.000000,0.000000,0.000000,0.000000,
0.000000,0.000000,0.000000,0.000000,0.000000,0.000000,
0.000000,0.000000,0.000000,0.000000,-35.994780,-2172.997390,
-2178.997390,-537.997390,-129.997390,-58.997390,-1758.994780,-150.992169,
428.010441,438.013051,-1752.984339,-991.981728,377.015661,401.018272,
402.020882,376.023492,-1700.976508,-1170.973898,374.028713,112.018272,
-887.989559,575.013051,1009.020882,1008.023492,1013.026102,949.028713,
-174.968677,-393.966067,812.036543,953.039154,890.041764,926.044374,
--------------------------------
 
SPT
AVGLateness = -409.638142
Throughput = 60.866222
AVGSlowdown = 5.787486
0.000000,0.000000,0.000000,0.000000,0.000000,0.000000,
0.000000,0.000000,0.000000,0.000000,0.000000,0.000000,
0.000000,0.000000,0.000000,0.000000,-95.997390,-36.994780,
82.007831,28.010433,27.013043,156.015653,95.010441,-26.986949,
150.015661,43.018272,-53.979118,54.023492,62.026102,152.028713,
113.031323,210.033933,-28.963457,97.013051,-161.984339,-2022.981728,
-1147.981728,-418.979118,-2012.976508,-404.984339,-13.979118,-924.981728,
-1041.979118,-1042.976508,-818.973898,-1438.992169,-1350.989559,-1331.986949,
--------------------------------
 
LPT
AVGLateness = 478.054008
Throughput = 75.722530
AVGSlowdown = 64.541673
0.000000,0.000000,0.000000,0.000000,0.000000,0.000000,
0.000000,0.000000,0.000000,0.000000,0.000000,0.000000,
0.000000,0.000000,0.000000,0.000000,-2172.997390,-2178.997390,
-1758.994780,-991.992169,-1215.989559,-1214.986949,-777.992169,285.010441,
153.005220,-1013.992169,587.013051,-140.984339,-750.984339,1163.018272,
1302.020882,1422.023492,1541.026102,1444.028713,1483.031323,1393.033933,
1385.036543,1288.015661,1389.039154,1323.033933,1504.041764,1456.044374,
1450.028713,1401.046984,1401.031323,1530.033933,1337.036543,1278.039154,
--------------------------------
 
EDD
AVGLateness = -512.054670
Throughput = 60.866278
AVGSlowdown = 1.511749
0.000000,0.000000,0.000000,0.000000,0.000000,0.000000,
0.000000,0.000000,0.000000,0.000000,0.000000,0.000000,
0.000000,0.000000,0.000000,0.000000,-35.994780,-33.997390,
-45.994780,-43.992169,-59.997390,-40.997390,-59.997390,-56.994780,
-50.997390,-53.997398,-57.997398,-59.997390,-59.997390,-32.997390,
-36.994780,-55.997390,-30.994780,-91.992169,-169.989559,-312.986949,
-428.984339,-453.994780,-1153.992169,-1260.986949,-1915.984339,-1907.981728,
-1154.979118,-1377.976508,-1215.994780,-1438.992169,-1331.989559,-1350.986949,
--------------------------------
 
WFP3
AVGLateness = -449.865456
Throughput = 67.002375
AVGSlowdown = 3.752602
0.000000,0.000000,0.000000,0.000000,0.000000,0.000000,
0.000000,0.000000,0.000000,0.000000,0.000000,0.000000,
0.000000,0.000000,0.000000,0.000000,-58.997390,-59.997390,
-59.997390,14.005220,-59.997390,-59.997390,-49.994780,59.007831,
117.010441,-94.997390,49.005220,-9.992169,27.010441,-1.986949,
-92.984339,-490.981728,-374.979118,-95.997390,-2034.994780,-32.992169,
-2026.989559,-190.979118,-1749.992169,-869.989559,-1642.986949,-1604.986949,
-925.984339,-1148.981728,-1137.976508,428.007831,-765.994780,554.007831,
--------------------------------
 
UNICEF
AVGLateness = -463.456188
Throughput = 66.105453
AVGSlowdown = 5.306219
0.000000,0.000000,0.000000,0.000000,0.000000,0.000000,
0.000000,0.000000,0.000000,0.000000,0.000000,0.000000,
0.000000,0.000000,0.000000,0.000000,-94.997390,98.005220,
86.007831,31.010441,29.005220,-4.992169,93.010441,-23.986949,
-23.989559,5.013051,-9.992169,157.010441,60.013051,38.015661,
-95.997390,-34.994780,-32.992169,-2034.989559,-432.986949,-316.984339,
-2026.981728,-173.979118,-1264.976508,-345.973898,-1045.971287,-1642.986949,
-982.984339,-1624.984339,-1168.981728,-1169.979118,-1426.994780,554.007831,
--------------------------------
 
c1
AVGLateness = -541.993312
Throughput = 66.410254
AVGSlowdown = 1.166774
0.000000,0.000000,0.000000,0.000000,0.000000,0.000000,
0.000000,0.000000,0.000000,0.000000,0.000000,0.000000,
0.000000,0.000000,0.000000,0.000000,-35.994780,-129.997390,
-58.997390,-47.997390,-33.997390,-59.997390,-40.997390,-59.997390,
-50.997390,-53.997398,-57.997398,-129.994780,-59.997390,-59.997390,
-94.997390,-490.994780,-374.992169,-95.997398,-32.994780,-173.992169,
-55.997390,-2030.994780,-1264.989559,-1045.986949,-1911.984339,-345.981728,
-1381.979118,-1158.976508,-1227.992169,-1663.989559,-1670.994780,-1438.992169,
--------------------------------
 
c2
AVGLateness = -437.414253
Throughput = 59.895309
AVGSlowdown = 6.333175
0.000000,0.000000,0.000000,0.000000,0.000000,0.000000,
0.000000,0.000000,0.000000,0.000000,0.000000,0.000000,
0.000000,0.000000,0.000000,0.000000,-95.997398,-36.994780,
-55.997390,52.005220,60.007831,160.010441,-28.986949,-169.984339,
150.018272,111.020882,208.023492,-30.973898,89.028713,31.031323,
38.033933,98.036543,108.007831,166.039154,-1260.981728,156.020882,
-1915.976508,-1041.973898,-1907.971287,-1377.968677,-1378.966067,-1154.963457,
-1833.960846,-1814.958236,-305.976508,-5.973898,150.031323,-1155.966067,
--------------------------------
 
