34.661867
51.637809
45.444111
44.232779
33.965424
43.962877
47.332379
51.350027
48.291694
43.038305
41.789790
57.383968
39.293231
69.284499
48.272289
42.731344
26.631721
42.163972
44.355041
56.665663
46.183298
50.941114
36.721915
44.526224
49.813776
53.478137
48.057889
34.564469
59.046981
42.384366
44.856191
43.998996
41.029826
37.628563
42.108841
55.047550
44.719326
40.387136
42.249383
47.608329
39.679084
43.960132
47.687948
45.060739
38.903027
46.249332
39.192466
46.416305
43.395283
50.936982
71.468886
50.410831
49.162838
46.962278
47.420565
48.405234
58.066114
38.188637
39.245881
39.054023
37.242766
42.280990
52.973932
52.513920
47.935053
55.419855
38.814739
58.997680
49.057187
39.870540
31.740623
62.168323
31.670996
70.862360
44.892340
46.839165
56.407088
52.539889
45.438290
46.744409
57.001317
63.178079
50.882045
53.812667
44.697059
39.523931
30.348420
41.646771
49.258737
57.030916
54.633766
41.391990
45.343682
45.223215
49.815175
39.702277
43.272696
59.210176
40.102628
37.917972
42.647991
46.324609
36.902831
48.923879
61.278547
38.885618
54.411087
42.977068
45.609011
53.730895
42.881789
29.110226
31.188330
36.015848
33.896692
39.181290
47.946611
42.642847
39.761173
36.421079
55.847359
48.412593
36.385353
33.069176
46.180522
52.685857
62.880008
40.076545
66.061025
48.837435
37.866699
50.122859
54.497464
40.629018
41.706050
52.574603
53.112952
46.097408
46.444361
44.301170
54.001833
62.615942
40.230296
51.759958
46.811266
50.879118
43.411042
48.958609
46.634858
60.450764
47.826925
41.510770
39.155840
39.836941
41.496161
39.667323
46.428383
42.170783
49.437009
45.109631
41.511112
68.246052
46.168539
40.063779
50.951927
51.066600
53.832613
47.812503
46.254230
50.373427
44.843981
44.212296
53.489127
55.050355
39.254110
45.822598
42.842560
38.539539
65.295613
55.482484
45.781286
53.172349
48.539664
42.168510
59.099698
44.622997
43.313716
40.661698
36.521715
48.112217
47.576565
52.350033
52.513386
42.384901
49.279006
48.741318
46.875161
40.059870
57.529492
46.118193
68.675580
48.669804
41.859195
34.965917
51.275830
40.476085
40.405974
45.548991
52.098515
43.478631
64.731882
48.091017
33.726146
39.693004
59.271457
45.677347
45.361334
53.338946
43.511722
44.508238
38.185456
53.014953
39.650911
74.343553
27.913729
44.641293
39.826339
46.600972
47.911405
47.791612
49.603259
47.958963
62.580803
58.397362
44.622778
40.232697
53.091288
50.159166
47.104332
43.236457
61.586384
44.956820
42.918443
63.702705
63.795108
38.663021
54.869407
54.843895
52.241395
49.313018
66.387493
42.104250
59.509341
41.658823
65.418236
45.778850
56.268317
48.360434
56.963577
54.221438
43.726795
50.870990
29.207598
51.942892
40.712343
44.328204
38.554411
64.916454
49.717892
41.792503
44.845170
45.226634
40.921689
44.622581
40.846750
40.377321
75.087916
38.149600
41.036697
54.861538
43.882913
22.745215
46.684390
38.613471
28.720276
42.947095
32.008668
36.125410
40.456856
43.692978
45.214461
41.866173
58.273726
52.378635
53.315922
37.989600
49.633981
42.043176
48.169962
46.073698
50.375922
40.586395
46.882629
44.894894
50.835126
47.753211
42.345832
44.914264
46.505516
36.783579
34.080111
35.864874
51.420038
38.437138
54.934709
53.955638
38.977971
39.287539
40.781132
44.706023
64.476594
43.731115
45.052280
54.946319
32.594621
47.187304
45.034807
48.218974
55.059707
39.805210
39.555451
43.408075
51.571959
43.629710
46.492412
47.756221
55.641748
52.242392
45.610482
56.680757
45.380339
43.347091
30.195319
43.187587
42.840144
60.194622
47.662824
33.974646
41.874517
41.701173
36.728298
46.628884
47.356417
47.502215
53.336417
41.642009
63.012555
39.150659
45.082212
48.098321
59.497874
42.825508
46.918329
46.538649
42.249482
42.788297
59.188405
83.525599
56.397283
46.298695
44.893943
80.003605
65.310797
35.506149
51.071100
45.883593
45.453054
37.171038
46.482630
44.834985
53.741624
47.717323
35.062604
35.671619
44.316942
43.663098
43.435506
76.666594
50.487623
44.132447
33.101693
37.737650
46.340650
46.261986
52.931048
48.894463
38.008105
50.869648
37.877996
37.454534
45.911153
53.544494
55.657665
49.076482
38.079437
41.669835
48.809155
46.461457
46.176803
44.040995
46.843936
54.676078
56.549492
29.394947
43.877154
43.969690
32.518991
61.533522
54.516617
50.487995
39.839252
47.439072
46.148291
53.257492
37.797443
45.685177
43.146883
44.856447
43.207014
43.515330
47.344045
46.900856
38.598641
43.866499
62.469112
51.123131
43.313375
68.505443
57.159705
35.306634
37.243483
41.298933
41.582738
55.977918
43.557174
48.178027
49.852649
43.413878
42.266125
37.496514
44.442298
45.553486
47.618616
35.712343
45.722904
47.305296
46.828551
63.214445
27.576384
54.432772
39.801117
35.053195
40.024985
35.274360
53.536931
52.497782
51.161921
36.839265
51.006003
46.506734
51.005008
36.304849
35.785163
33.911429
63.144885
50.861256
36.674082
33.302259
41.851387
35.319926
41.122033
46.552528
46.869496
44.793774
43.991791
48.984629
40.605156
41.319602
69.985256
50.663641
40.096864
41.163529
44.711777
34.320146
58.904505
42.574348
39.468529
52.200505
54.323846
35.472053
55.515759
49.864735
47.597750
43.306798
53.718087
34.217445
50.484022
51.305530
43.768452
30.871251
67.992125
57.947693
46.877811
45.458989
41.217720
38.500457
45.760976
41.912794
46.169238
43.818351
41.556134
38.273238
37.311419
33.677317
51.972278
43.218709
58.071777
52.685799
69.678329
35.158855
41.106804
54.136999
41.729209
40.806548
52.783443
33.307371
38.808760
56.273804
43.245596
46.123297
45.740096
39.432309
42.624033
51.185907
42.485657
49.063610
57.803013
39.456659
48.666041
49.037461
42.641476
44.968744
52.575347
51.664446
31.949085
47.489715
46.713204
50.324400
30.461694
51.470479
45.058033
40.006991
53.945891
46.563244
41.013982
47.778766
41.839830
40.760538
39.163956
45.872357
65.677422
43.234477
42.534127
42.791031
37.974142
44.196107
41.029205
46.971096
70.905551
41.585379
61.759418
58.284024
49.117086
64.161913
40.091803
40.306875
47.963932
48.111036
44.185723
44.987757
60.789447
52.764397
53.248565
47.829825
51.717797
44.197346
33.909743
51.114703
39.611377
40.297242
37.912454
47.509643
43.127757
53.643507
37.781738
42.058789
44.990972
41.332472
39.187638
31.201497
44.306360
39.828372
44.510876
54.862566
37.030059
44.914552
47.299569
40.369494
47.594158
47.798362
46.543438
39.369057
39.956010
35.532362
38.111396
45.356637
37.222726
39.369278
44.389889
33.686092
44.740496
52.725980
29.587067
35.369286
44.590262
68.359957
45.780478
41.374945
45.205253
46.562110
64.148811
48.183323
45.084408
73.908069
63.439442
55.918042
44.626172
46.584344
42.050395
52.149315
39.957408
52.794600
56.461280
36.338651
45.347454
47.549476
32.836982
55.214395
51.499572
47.444026
47.058190
47.870915
51.972570
52.035655
52.439908
57.337829
39.682055
44.570071
36.754842
40.499092
85.603162
69.680447
43.247485
53.428014
41.572821
39.844525
42.215626
62.688419
41.634395
36.852568
52.683062
56.909081
34.112941
52.218028
47.327427
41.351024
55.346426
34.841156
41.096961
45.061920
48.067665
34.550447
28.168708
41.432762
46.501323
50.442145
53.319391
47.423038
50.680481
37.056182
50.618496
42.026302
58.681911
58.766809
36.351653
53.514145
42.716148
45.260234
49.447442
44.676388
43.812203
31.194118
60.106687
49.207190
60.134126
30.958678
47.830007
42.652869
32.077921
63.910423
34.699580
53.063879
47.698411
48.290992
55.552183
40.477716
43.369594
54.876077
42.472871
68.129885
44.601922
39.985527
46.070397
46.138033
42.020818
46.963593
53.531073
46.267111
40.553748
59.552456
36.076677
34.377428
35.007071
44.733181
45.785387
37.827814
43.609072
54.402524
41.646227
48.244845
50.654861
46.756021
52.583180
51.836541
48.500484
71.732361
52.760458
50.404942
56.761801
41.554303
60.841598
55.929945
42.202631
42.987730
41.351198
36.861029
44.767760
43.989795
28.565261
33.364753
46.823285
52.380254
63.818514
35.693031
47.198437
45.136436
61.715256
39.786976
47.302385
45.807121
51.654666
64.412563
45.050901
54.685745
37.770671
47.167025
38.862087
38.905223
49.158861
49.418567
43.381242
35.719287
49.745565
45.268272
47.179439
52.391918
36.246084
45.962561
51.595328
48.652388
50.273375
43.598708
39.811773
61.396859
52.246710
47.582941
43.647242
48.735331
61.232990
41.557889
63.302816
49.438096
39.852001
57.765832
33.619833
36.084918
48.224397
43.069303
49.258574
39.424257
54.447888
57.429708
49.887790
59.420824
44.034425
64.180343
48.734537
37.435870
50.838332
69.890100
53.373620
41.970083
44.647889
45.248623
38.370828
57.296581
48.373589
44.272556
54.817149
38.995562
39.860725
49.336367
32.827414
53.095324
46.292487
38.833565
44.102148
34.043277
47.397269
46.431585
55.194882
48.214337
47.101935
48.379843
41.706946
58.422950
41.827738
61.454510
62.795201
61.624519
55.489640
47.370430
63.001429
53.091195
39.101261
42.351884
50.582538
67.215950
44.765700
37.304826
59.862378
49.145636
57.415024
38.733073
46.408465
47.450811
67.804744
54.464878
42.831094
44.277540
46.881738
52.876467
42.387945
47.310953
50.438040
50.799795
43.227100
47.688861
39.260943
40.019954
39.192335
44.461175
34.275450
37.396667
49.281985
42.568395
44.527573
41.745301
44.925810
44.751206
46.611262
51.193862
55.035327
45.063011
46.238659
48.223690
32.257797
46.527009
45.766676
49.764215
44.429242
47.411480
48.314740
42.329661
38.810500
44.960351
37.194457
40.888329
41.905877
58.423302
56.566957
43.459347
39.395689
41.749894
53.347468
66.163951
33.649971
58.056890
49.388449
44.624911
44.670238
50.883089
54.075504
44.991980
64.005133
42.053212
50.832731
48.802647
57.150253
46.045978
76.603980
56.176041
33.016509
42.305254
37.604595
46.127514
42.915763
41.919189
57.750305
37.436349
59.298801
38.935860
51.801584
44.830056
35.867524
48.089551
40.653401
37.476632
53.036417
54.923782
45.199676
59.300839
57.149586
40.603691
46.583916
43.476285
68.017901
47.307442
63.631627
47.935367
47.362057
54.507060
51.752894
47.583470
42.333129
49.568718
45.193422
42.464111
42.923377
52.297237
63.712197
43.208389
63.708117
41.199102
49.195700
52.925414
50.821678
42.886350
60.293865
35.286728
38.226425
46.683470
46.589734
51.665002
41.766735
49.650870
41.789264
53.243470
43.655308
64.587280
45.733925
62.715550
50.852330
47.578526
40.675159
43.501787
39.514042
38.376275
47.594691
39.980694
46.176564
45.729301
46.860027
51.347619
47.871753
45.700301
50.636721
48.546653
53.605012
51.874736
54.316232
71.487482
51.640991
46.784922
40.054230
45.825907
44.631324
44.930035
33.751262
45.737786
45.050782
47.575416
55.823446
45.561563
52.005590
39.901356
42.749048
39.944816
72.950867
43.511464
52.320784
66.762682
32.482121
51.558098
50.994379
39.661508
37.201248
29.508091
42.780594
55.829905
69.844974
47.566793
51.259851
52.053223
54.547485
45.627159
45.879969
34.886204
45.711171
44.182596
42.256001
72.921316
39.633181
61.060555
53.140217
38.559915
35.331079
36.228562
32.824328
44.736250
43.012024
32.699848
52.480837
50.105716
48.488795
46.376684
43.674119
51.878158
74.574952
53.525242
45.404274
59.099549
46.958048
49.675750
52.215598
55.487986
64.895195
42.316322
66.495054
48.343113
56.238736
37.796259
44.365669
49.115633
42.275931
61.195187
45.535760
47.370640
48.742156
39.524043
26.779707
49.320507
30.851150
40.363059
57.354567
62.188940
54.959709
59.583442
42.026646
48.211650
43.876426
41.147882
71.365193
41.820739
49.147856
65.848804
39.777126
57.370572
46.300932
48.962063
66.986133
44.625430
47.490634
50.267679
53.036462
50.261200
46.109176
60.152010
52.044101
43.526149
56.128915
62.839795
49.266017
27.805338
43.973707
54.791035
40.724728
51.035727
50.514937
55.978985
40.545107
35.105014
52.274713
55.348066
57.852027
52.045723
38.257543
48.771540
50.367919
60.303334
46.420164
41.201433
49.990708
45.707193
44.881437
38.413748
44.583049
36.106961
34.646232
34.160017
46.976961
61.678623
48.203830
37.049628
51.306310
31.261193
51.207808
45.546508
54.877122
45.030972
56.398913
49.581871
40.002897
51.152713
50.479639
50.343872
55.768823
48.791043
45.053522
43.837709
37.482313
50.542460
43.675252
51.090170
45.797849
34.547226
45.634725
55.263318
42.452067
48.052658
46.232441
36.426523
47.724103
44.110790
38.827335
55.283066
33.277489
60.993708
42.746925
50.737989
50.196962
69.879101
42.083947
48.250829
39.908167
51.115417
56.032037
58.141275
47.368296
41.385698
44.634139
45.836461
39.178219
33.743930
71.400180
49.786025
41.317330
22.253993
60.129321
46.881771
42.662057
34.018593
43.467442
58.501929
43.291056
46.112141
36.455096
54.309914
50.308511
45.942773
41.060045
32.662629
38.747350
46.424074
37.245015
46.457575
48.298858
41.772668
40.052365
46.442472
41.705841
71.523721
48.974262
45.030532
46.457277
39.656327
44.145065
53.965636
45.507813
28.840575
43.790957
65.464580
43.378867
55.958209
54.058560
48.599722
40.309522
46.380023
56.244330
49.519880
45.175446
50.201770
53.146162
45.125221
43.131081
53.019079
32.623184
68.643033
47.310986
34.003278
45.184925
39.003869
56.109847
48.065249
57.091578
32.041005
36.716567
58.237549
40.420354
69.386149
